6 0 579
6 343 654
6 690 580
6 1034 582
5 1379 583
6 516 448
5 453 351
5 855 349
8 32 518
8 1376 521
8 683 386
1 105 479
8 106 418
8 389 316
1 112 384
1 114 296
1 790 271
2 116 206
2 373 203
2 530 274
8 856 287
2 883 201
0 1126 261
0 1079 317
6 1195 265
6 1099 389
8 1376 293
8 1097 416
0 863 429
0 863 503
1 722 358
7 812 305
1 557 578
5 410 579
5 451 580
8 278 608
8 690 608
4 0 871
4 232 873
4 464 875
4 696 874
4 928 874
4 1160 875
3 1390 871
4 0 0
4 231 0
4 463 0
4 696 0
4 925 0
4 1158 0
3 1387 0
7 0 818
7 0 766
7 0 717
7 0 664
7 0 610
7 1401 818
7 1401 765
7 1402 709
7 1403 652
7 1402 605
7 1407 210
7 1407 155
7 1406 99
7 1406 42
7 0 527
7 0 475
7 0 419
7 1 364
7 0 310
7 0 256
7 0 205
7 0 150
7 0 96
7 0 40
