thickpost 0 162 900 0 1 1 22 244
thickpost 1 377 901 0 1 1 22 244
thickpost 2 494 990 10 1 1 22 244
thickpost 3 613 995 348 1 1 22 244
thickpost 4 1271 753 0 1 1 22 325
thickpost 5 856 359 0 1 1 22 409
thickpost 6 509 530 352 1.06 1.06 22 233
thickpost 7 566 168 358 1.06 1.06 22 181
thickpost 8 781 168 2 1.06 1.06 22 181
thickpost 9 566 189 270 1.34 1.34 22 176
thickpost 10 543 760 2 1.66 1.66 22 137
thickpost 11 742 935 2 1.66 1.66 22 137
thickpost 12 865 881 0 1.66 1.66 22 159
thickpost 13 319 441 0 1.66 1.66 22 51
thickpost 14 490 444 356 1.66 1.66 22 51
thickpost 15 1179 1084 356 1.66 1.66 22 51
thickpost 16 1353 1084 356 1.66 1.66 22 51
stump 17 724 618 0 1 1 45 66
stump 18 648 693 0 1 1 45 66
stump 19 640 527 0 1 1 45 66
midlogplat 20 157 880 0 2.08 2.08 127 18
midlogplat 21 471 971 0 2.08 2.08 90 18
midlogplat 22 714 913 0 2.08 2.08 46 18
midlogplat 23 838 860 0 2.08 2.08 46 18
midlogplat 24 1163 1066 0 2.08 2.08 116 18
midlogplat 25 1126 736 0 2 2 116 18
midlogplat 26 262 798 0 1.66 1.66 57 18
midlogplat 27 390 744 0 1.66 1.66 57 18
midlogplat 28 316 518 0 1.66 1.66 147 18
midlogplat 29 314 435 0 1.2 1.2 195 18
midlogplat 30 501 342 0 1.4 1.4 104 18
midlogplat 31 623 365 0 1.4 1.4 104 18
midlogplat 32 750 341 0 1.4 1.4 104 18
midlogplat 33 523 201 308 1.84 1.84 137 18
midlogplat 34 692 1 52 1.84 1.84 137 18
midlogplat 35 1488 777 0 0.66 0.66 375 18
midlogplat 36 1546 857 0 0.66 0.66 375 18
midlogplat 37 1610 922 0 0.66 0.66 375 18
midlogplat 38 1512 1032 0 0.66 0.66 184 18
thickpost 39 321 543 358 0.88 0.88 22 307
thickpost 40 462 765 356 0.76 0.76 22 294
thickpost 41 398 766 10 0.76 0.76 22 184
thinpost 42 466 790 46 1 1 10 107
thinpost 43 401 792 330 1 1 10 148
thinpost 44 1195 767 328 1 1 10 148
thinpost 45 1323 755 18 1 1 10 148
thinpost 46 1520 784 320 1 1 10 337
thinpost 47 1534 1041 8 1 1 10 48
thinpost 48 1527 1087 352 1 1 10 75
thinpost 49 1609 1042 358 1 1 10 48
thinpost 50 1611 1084 350 1 1 10 48
longplat 51 550 741 0 0.92 0.92 263 36
longplat 52 791 741 0 0.96 0.96 263 36
shortbrick 53 1007 878 0 0.96 0.96 148 29
shortbrick 54 1037 768 90 0.96 0.96 119 29
shortbrick 55 1152 767 90 0.96 0.96 119 29
ornatebracket 56 182 914 0 1 1 65 61
ornatebracket 57 378 913 0 -1 1 65 61
ornatebracket 58 513 539 354 -1 1 65 61
ornatebracket 59 783 190 4 -1 1 65 61
ornatebracket 60 589 190 358 1 1 65 61
thinpost 61 615 111 270 1 1 10 137
thinpost 62 633 87 270 1 1 10 104
curvingwood 63 620 107 0 1.16 1.16 37 65
curvingwood 64 752 109 0 -1.16 1.16 37 65
curvingwood 65 497 357 0 1.7 1.7 37 65
curvingwood 66 767 425 270 1.7 1.7 37 65
curvingwood 67 633 409 82 -1.32 1.52 36 65
doublecurvingwood 68 413 540 98 1 1 118 69
doublecurvingwood 69 1016 849 190 1 1 118 69
curvingwood 70 510 989 10 1.36 1.36 37 65
curvingwood 71 616 988 344 -1.36 1.36 37 65
curvingwood 72 367 810 344 -1.3 1.42 37 65
thickpost 73 268 821 2 1 1 22 75
thinpost 74 1600 777 18 1 1 10 75
thinpost 75 1640 787 352 1 1 10 75
thinpost 76 1727 926 24 1 1 10 75
thinpost 77 1690 859 58 1 1 10 75
woodcorbel 78 413 768 6 1.24 1.24 16 20
woodcorbel 79 463 768 356 -1.24 1.24 16 20
woodcorbel 80 356 455 0 1.24 1.24 16 20
woodcorbel 81 289 825 0 1.24 1.24 16 20
curvingwood 82 620 851 188 1.24 1.24 37 65
woodcorbel 83 575 844 4 1.48 1.48 16 20
woodcorbel 84 629 769 270 -1.48 1.48 16 20
woodcorbel 85 901 894 270 -1.48 1.48 16 20
woodcorbel 86 776 946 270 -1.48 1.48 16 20
woodcorbel 87 744 946 90 1.48 1.48 16 20
woodcorbel 88 868 893 90 1.48 1.48 16 20
woodcorbel 89 1038 360 0 1.9 1.9 16 20
woodcorbel 90 1202 361 0 1.9 1.9 16 20
woodcorbel 91 1202 361 0 -1.9 1.9 16 20
woodcorbel 92 1038 360 0 -1.9 1.9 16 20
shortlogplat 93 644 576 0 1 1 37 16
shortlogplat 94 729 667 0 1 1 37 16
oxyd 95 1007 299 0 1 1 64 64
oxyd 96 1171 299 0 1 1 64 64
oxyd 97 1249 1008 0 1 1 64 64
oxyd 98 313 457 0 1 1 64 64
oxyd 99 78 789 0 1 1 64 64
oxyd 100 1048 818 0 1 1 64 64
thickpost 101 1511 600 0 1.32 1.32 22 137
thickpost 102 1512 606 270 1.32 1.32 22 171
midlogplat 103 1473 591 332 1.64 1.64 206 17
thinpost 104 1558 593 242 1.64 1.64 10 244
thinpost 105 1590 592 242 1.64 1.64 10 244
thinpost 106 1621 593 242 1.64 1.64 10 244
thinpost 107 1658 590 242 1.64 1.64 10 244
thinpost 108 1688 591 242 1.64 1.64 10 244
thinpost 109 1718 592 242 1.64 1.64 10 244
thinpost 110 1212 755 180 1.64 1.64 10 244
thinpost 111 1033 744 182 1.64 1.64 10 244
ornatebracket 112 1540 603 0 1 1 65 61
ornatebracket 113 1032 708 0 0.58 0.58 65 61
ornatebracket 114 1034 633 0 0.58 0.58 65 61
ornatebracket 115 1037 554 0 0.58 0.58 65 61
ornatebracket 116 1041 480 0 0.58 0.58 65 61
ornatebracket 117 1042 405 0 0.58 0.58 65 61
ornatebracket 118 1021 673 0 -0.58 0.58 65 61
ornatebracket 119 1022 597 0 -0.58 0.58 65 61
ornatebracket 120 1024 523 0 -0.58 0.58 65 61
ornatebracket 121 1026 444 0 -0.58 0.58 65 61
ornatebracket 122 1197 681 0 -0.58 0.58 65 61
ornatebracket 123 1197 594 0 -0.58 0.58 65 61
ornatebracket 124 1197 510 0 -0.58 0.58 65 61
ornatebracket 125 1197 425 0 -0.58 0.58 65 61
ornatebracket 126 1211 466 0 0.58 0.58 65 61
ornatebracket 127 1211 559 0 0.58 0.58 65 61
ornatebracket 128 1211 643 0 0.58 0.58 65 61
thinpost 129 1552 1040 0 1 1 10 66
thinpost 130 1552 1104 352 1 1 10 66
thinpost 131 1584 1036 4 1 1 10 46
thinpost 132 1581 1080 10 1 1 10 54
thinpost 133 1537 1053 270 1 1 10 76
thinpost 134 1536 1086 270 1 1 10 76
thickpost 135 1631 925 16 1 1 22 125
thickpost 136 1511 786 322 1 1 22 363
thickpost 137 856 562 4 1 1 22 203
thickpost 138 857 567 356 1 1 22 203
thinpost 139 764 972 322 1.12 1.12 10 169
thinpost 140 867 927 28 1.12 1.12 10 203
